       0  6814.96       2
  3 -0.150345       2.01802      0.113788      0.00000    
 47  -173.074       162.719      -95.5830     0.104667E-06
       0  8770.10       1
 47  -89.9086      -123.088      -149.006      0.00000    
       0  2411.80       2
  3  -1.20700      0.250079      0.866833      0.00000    
 47  -154.499      -156.055      -131.700     0.959931E-08
       0  533.977       3
 47   109.881      -91.7789       156.999      0.00000    
  3  0.157017      0.327984E-01  0.210896E-01 0.140706E-10
  1 -0.139338E-01  0.520760E-02 -0.193127E-02  0.00000    
       0  4904.96       2
  3 -0.336612     -0.279998     -0.549787      0.00000    
 47   66.4021      -120.890       215.741     0.409147E-06
       0  613.043       2
  3 -0.558609     -0.746712      -2.42927      0.00000    
 47   13.8611      -1.19619       255.684     0.359792E-06
       0  8479.12       1
 47   168.610       124.953       37.3419      0.00000    
       0  835.501       3
 47   187.080       100.119       11.0977      0.00000    
  3 -0.979775E-01 -0.973206E-01 -0.842856E-01 0.131756E-11
  1  0.145736E-01  0.101081E-02  0.340420E-02  0.00000    
       0  2121.26       2
 47  -100.750      -78.0126       170.027      0.00000    
  1 -0.147376E-01  0.548929E-02  0.367787E-01 0.762618E-12
       0  44086.5       3
 47   98.0917       148.359      -116.247      0.00000    
  3 -0.252963E-01 -0.616627E-01 -0.147420     0.126336E-10
  1  0.127866E-01  0.610896E-02 -0.491755E-02  0.00000    
