4.430E-2 1.640E-1
4.510E-2 1.730E-1
4.590E-2 1.830E-1
4.680E-2 1.950E-1
4.770E-2 2.080E-1
4.860E-2 2.230E-1
4.960E-2 2.400E-1
5.060E-2 2.500E-1
5.170E-2 2.590E-1
5.280E-2 2.680E-1
5.390E-2 2.790E-1
5.510E-2 2.970E-1
5.640E-2 3.190E-1
5.770E-2 3.400E-1
5.900E-2 3.660E-1
6.050E-2 3.920E-1
6.200E-2 4.160E-1
6.360E-2 4.400E-1
6.530E-2 4.640E-1
6.700E-2 4.920E-1
6.890E-2 5.170E-1
7.080E-2 5.280E-1
7.290E-2 5.330E-1
7.380E-2 5.340E-1
7.510E-2 5.310E-1
7.750E-2 5.240E-1
8.000E-2 5.100E-1
8.270E-2 5.000E-1
8.550E-2 4.990E-1
8.860E-2 4.680E-1
9.180E-2 3.800E-1
9.300E-2 3.600E-1
9.540E-2 3.390E-1
9.920E-2 3.180E-1
1.033E-1 2.910E-1
1.078E-1 2.510E-1
1.100E-1 2.440E-1
1.127E-1 2.390E-1
1.140E-1 2.390E-1
1.181E-1 2.440E-1
1.210E-1 2.470E-1
1.240E-1 2.240E-1
1.272E-1 1.950E-1
1.295E-1 1.740E-1
1.305E-1 1.720E-1
1.319E-1 1.800E-1
1.333E-1 1.940E-1
1.348E-1 2.130E-1
1.362E-1 2.430E-1
1.370E-1 2.710E-1
1.378E-1 2.890E-1
1.387E-1 3.340E-1
1.393E-1 3.440E-1
1.409E-1 3.820E-1
1.425E-1 4.010E-1
1.435E-1 4.065E-1
1.442E-1 4.050E-1
1.450E-1 3.890E-1
1.459E-1 3.770E-1
1.468E-1 3.450E-1
1.476E-1 3.320E-1
1.480E-1 3.150E-1
1.485E-1 2.980E-1
1.494E-1 2.740E-1
1.512E-1 2.280E-1
1.531E-1 1.980E-1
1.540E-1 1.720E-1
1.550E-1 1.560E-1
1.569E-1 1.100E-1
1.580E-1 8.300E-2
1.589E-1 5.800E-2
1.610E-1 2.200E-2
1.625E-1 1.000E-2
1.648E-1 3.000E-3
1.669E-1 1.000E-3
1.692E-1 3.000E-4
1.713E-1 1.100E-4
1.737E-1 3.000E-5
1.757E-1 1.000E-5
1.779E-1 3.000E-6
1.802E-1 1.000E-6
1.809E-1 7.000E-7
1.821E-1 4.000E-7
1.833E-1 2.000E-7
1.843E-1 1.000E-7
1.850E-1 6.377E-8
1.860E-1 3.750E-8
1.870E-1 2.800E-8
1.880E-1 2.400E-8
1.890E-1 2.200E-8
1.900E-1 1.900E-8
1.910E-1 1.750E-8
1.930E-1 1.640E-8
1.950E-1 1.590E-8
2.100E-1 1.325E-8
2.500E-1 8.623E-9
3.000E-1 5.504E-9
3.500E-1 3.765E-9
4.000E-1 2.710E-9
4.100E-1 2.510E-9
4.200E-1 2.260E-9
4.300E-1 2.080E-9
4.400E-1 1.910E-9
4.500E-1 1.540E-9
4.600E-1 1.530E-9
4.700E-1 1.550E-9
4.800E-1 1.640E-9
4.900E-1 1.780E-9
5.000E-1 1.910E-9
5.100E-1 2.140E-9
5.200E-1 2.260E-9
5.300E-1 2.540E-9
5.400E-1 2.930E-9
5.500E-1 3.110E-9
5.600E-1 3.290E-9
5.700E-1 3.520E-9
5.800E-1 4.040E-9
5.900E-1 4.880E-9
6.000E-1 5.730E-9
6.100E-1 6.890E-9
6.200E-1 8.580E-9
6.300E-1 1.040E-8
6.400E-1 1.220E-8
6.500E-1 1.430E-8
6.600E-1 1.660E-8
6.700E-1 1.890E-8
6.800E-1 2.090E-8
6.900E-1 2.400E-8
7.000E-1 2.900E-8
7.100E-1 3.440E-8
7.200E-1 4.030E-8
7.300E-1 4.300E-8
7.400E-1 4.920E-8
7.500E-1 5.870E-8
7.600E-1 7.080E-8
7.700E-1 8.580E-8
7.800E-1 1.020E-7
7.900E-1 1.180E-7
8.000E-1 1.340E-7
8.100E-1 1.400E-7
8.200E-1 1.430E-7
8.300E-1 1.450E-7
8.400E-1 1.510E-7
8.500E-1 1.830E-7
8.600E-1 2.150E-7
8.700E-1 2.650E-7
8.800E-1 3.350E-7
8.900E-1 3.920E-7
9.000E-1 4.200E-7
9.100E-1 4.440E-7
9.200E-1 4.740E-7
9.300E-1 5.110E-7
9.400E-1 5.530E-7
9.500E-1 6.020E-7
9.600E-1 7.550E-7
9.700E-1 9.260E-7
9.800E-1 1.120E-6
9.900E-1 1.330E-6
1.000E+0 1.620E-6
1.010E+0 2.000E-6
1.020E+0 2.250E-6
1.030E+0 2.330E-6
1.040E+0 2.330E-6
1.050E+0 2.170E-6
1.060E+0 1.960E-6
1.070E+0 1.810E-6
1.080E+0 1.740E-6
1.090E+0 1.730E-6
1.100E+0 1.700E-6
1.110E+0 1.760E-6
1.120E+0 1.820E-6
1.130E+0 2.040E-6
1.140E+0 2.250E-6
1.150E+0 2.290E-6
1.160E+0 3.040E-6
1.170E+0 3.840E-6
1.180E+0 4.770E-6
1.190E+0 5.760E-6
1.200E+0 6.710E-6
1.210E+0 8.660E-6
1.220E+0 1.020E-5
1.230E+0 1.130E-5
1.240E+0 1.220E-5
1.250E+0 1.290E-5
1.260E+0 1.320E-5
1.270E+0 1.350E-5
1.280E+0 1.330E-5
1.290E+0 1.320E-5
1.300E+0 1.320E-5
1.310E+0 1.310E-5
1.320E+0 1.320E-5
1.330E+0 1.320E-5
1.340E+0 1.340E-5
1.350E+0 1.390E-5
1.360E+0 1.420E-5
1.370E+0 1.480E-5
1.380E+0 1.580E-5
1.390E+0 1.740E-5
1.400E+0 1.980E-5
1.410E+0 2.500E-5
1.420E+0 5.400E-5
1.430E+0 1.040E-4
1.440E+0 2.030E-4
1.449E+0 2.708E-4
1.460E+0 3.511E-4
1.471E+0 4.299E-4
1.481E+0 5.181E-4
1.493E+0 5.855E-4
1.504E+0 5.899E-4
1.515E+0 5.635E-4
1.527E+0 5.480E-4
1.538E+0 5.266E-4
1.563E+0 4.394E-4
1.587E+0 3.701E-4
1.613E+0 3.372E-4
1.650E+0 2.410E-4
1.680E+0 1.890E-4
1.700E+0 1.660E-4
1.730E+0 1.450E-4
1.760E+0 1.280E-4
1.800E+0 1.030E-4
1.830E+0 8.600E-5
1.840E+0 8.220E-5
1.850E+0 8.030E-5
1.855E+0 8.500E-5
1.860E+0 9.900E-5
1.870E+0 1.500E-4
1.890E+0 2.950E-4
1.905E+0 4.687E-4
1.923E+0 7.615E-4
1.942E+0 1.010E-3
1.961E+0 1.313E-3
1.980E+0 1.539E-3
2.000E+0 1.588E-3
2.020E+0 1.540E-3
2.041E+0 1.412E-3
2.062E+0 1.244E-3
2.083E+0 1.068E-3
2.105E+0 8.414E-4
2.130E+0 5.650E-4
2.150E+0 4.320E-4
2.170E+0 3.500E-4
2.190E+0 2.870E-4
2.220E+0 2.210E-4
2.240E+0 2.030E-4
2.245E+0 2.010E-4
2.250E+0 2.030E-4
2.260E+0 2.140E-4
2.270E+0 2.320E-4
2.290E+0 2.890E-4
2.310E+0 3.810E-4
2.330E+0 4.620E-4
2.350E+0 5.480E-4
2.370E+0 6.180E-4
2.390E+0 6.800E-4
2.410E+0 7.300E-4
2.430E+0 7.820E-4
2.460E+0 8.480E-4
2.500E+0 9.250E-4
2.520E+0 9.200E-4
2.550E+0 8.920E-4
2.565E+0 8.700E-4
2.580E+0 8.900E-4
2.590E+0 9.300E-4
2.600E+0 1.010E-3
2.620E+0 1.350E-3
2.675E+0 3.420E-3
2.725E+0 7.920E-3
2.778E+0 2.000E-2
2.817E+0 3.800E-2
2.833E+0 5.200E-2
2.849E+0 6.800E-2
2.865E+0 9.230E-2
2.882E+0 1.270E-1
2.899E+0 1.690E-1
2.915E+0 2.210E-1
2.933E+0 2.760E-1
2.950E+0 3.120E-1
2.967E+0 3.470E-1
2.985E+0 3.880E-1
3.003E+0 4.380E-1
3.021E+0 4.930E-1
3.040E+0 5.540E-1
3.058E+0 6.120E-1
3.077E+0 6.250E-1
3.096E+0 5.930E-1
3.115E+0 5.390E-1
3.135E+0 4.910E-1
3.155E+0 4.380E-1
3.175E+0 3.720E-1
3.195E+0 3.000E-1
3.215E+0 2.380E-1
3.236E+0 1.930E-1
3.257E+0 1.580E-1
3.279E+0 1.210E-1
3.300E+0 1.030E-1
3.322E+0 8.360E-2
3.345E+0 6.680E-2
3.367E+0 5.400E-2
3.390E+0 4.220E-2
3.413E+0 3.420E-2
3.436E+0 2.740E-2
3.460E+0 2.200E-2
3.484E+0 1.860E-2
3.509E+0 1.520E-2
3.534E+0 1.260E-2
3.559E+0 1.060E-2
3.624E+0 8.020E-3
3.732E+0 6.850E-3
3.775E+0 6.600E-3
3.847E+0 6.960E-3
3.969E+0 9.160E-3
4.099E+0 1.110E-2
4.239E+0 1.450E-2
4.348E+0 2.000E-2
4.387E+0 2.300E-2
4.444E+0 2.600E-2
4.505E+0 2.900E-2
4.547E+0 2.930E-2
4.560E+0 3.000E-2
4.580E+0 2.850E-2
4.719E+0 1.730E-2
4.904E+0 1.290E-2
5.000E+0 1.200E-2
5.100E+0 1.250E-2
5.200E+0 1.340E-2
5.263E+0 1.400E-2
5.400E+0 1.750E-2
5.556E+0 2.400E-2
5.714E+0 3.500E-2
5.747E+0 3.800E-2
5.780E+0 4.200E-2
5.814E+0 4.600E-2
5.848E+0 5.200E-2
5.882E+0 5.700E-2
6.061E+0 6.900E-2
6.135E+0 7.000E-2
6.250E+0 6.700E-2
6.289E+0 6.500E-2
6.329E+0 6.400E-2
6.369E+0 6.200E-2
6.410E+0 5.900E-2
6.452E+0 5.700E-2
6.494E+0 5.600E-2
6.579E+0 5.500E-2
6.667E+0 5.700E-2
6.757E+0 5.800E-2
6.897E+0 5.700E-2
7.042E+0 5.500E-2
7.143E+0 5.500E-2
7.246E+0 5.400E-2
7.353E+0 5.200E-2
7.463E+0 5.200E-2
7.576E+0 5.200E-2
7.692E+0 5.200E-2
7.812E+0 5.000E-2
7.937E+0 4.700E-2
8.065E+0 4.300E-2
8.197E+0 3.900E-2
8.333E+0 3.700E-2
8.475E+0 3.900E-2
8.696E+0 4.000E-2
8.929E+0 4.200E-2
9.091E+0 4.400E-2
9.259E+0 4.500E-2
9.524E+0 4.600E-2
9.804E+0 4.700E-2
1.000E+1 5.100E-2
1.020E+1 6.500E-2
1.031E+1 7.500E-2
1.042E+1 8.800E-2
1.053E+1 1.080E-1
1.064E+1 1.340E-1
1.075E+1 1.680E-1
1.087E+1 2.040E-1
1.100E+1 2.480E-1
1.111E+1 2.800E-1
1.136E+1 3.410E-1
1.163E+1 3.790E-1
1.190E+1 4.090E-1
1.220E+1 4.220E-1
1.250E+1 4.220E-1
1.282E+1 4.030E-1
1.299E+1 3.890E-1
1.316E+1 3.740E-1
1.333E+1 3.540E-1
1.351E+1 3.350E-1
1.370E+1 3.150E-1
1.389E+1 2.940E-1
1.408E+1 2.710E-1
1.429E+1 2.460E-1
1.471E+1 1.980E-1
1.515E+1 1.640E-1
1.538E+1 1.520E-1
1.563E+1 1.420E-1
1.613E+1 1.280E-1
1.639E+1 1.250E-1
1.667E+1 1.230E-1
1.695E+1 1.160E-1
1.724E+1 1.070E-1
1.818E+1 7.900E-2
1.887E+1 7.200E-2
1.923E+1 7.600E-2
1.961E+1 7.500E-2
2.000E+1 6.700E-2
2.041E+1 5.500E-2
2.083E+1 4.500E-2
2.222E+1 2.900E-2
2.260E+1 2.750E-2
2.305E+1 2.700E-2
2.360E+1 2.730E-2
2.460E+1 2.890E-2
2.500E+1 3.000E-2
2.600E+1 3.400E-2
2.857E+1 5.300E-2
3.100E+1 7.550E-2
3.333E+1 1.060E-1
3.448E+1 1.350E-1
3.564E+1 1.761E-1
3.700E+1 2.229E-1
3.824E+1 2.746E-1
3.960E+1 3.280E-1
4.114E+1 3.906E-1
4.276E+1 4.642E-1
4.358E+1 5.247E-1
4.458E+1 5.731E-1
4.550E+1 6.362E-1
4.615E+1 6.839E-1
4.671E+1 7.091E-1
4.736E+1 6.790E-1
4.800E+1 6.250E-1
4.878E+1 5.654E-1
5.003E+1 5.433E-1
5.128E+1 5.292E-1
5.275E+1 5.070E-1
5.350E+1 4.883E-1
5.424E+1 4.707E-1
5.500E+1 4.203E-1
5.574E+1 3.771E-1
5.640E+1 3.376E-1
5.700E+1 3.056E-1
5.746E+1 2.835E-1
5.840E+1 3.170E-1
5.929E+1 3.517E-1
6.000E+1 3.902E-1
6.100E+1 4.509E-1
6.125E+1 4.671E-1
6.250E+1 4.779E-1
6.378E+1 4.890E-1
6.467E+1 4.899E-1
6.558E+1 4.873E-1
6.655E+1 4.766E-1
6.760E+1 4.508E-1
6.900E+1 4.193E-1
7.053E+1 3.880E-1
7.300E+1 3.433E-1
7.500E+1 3.118E-1
7.629E+1 2.935E-1
8.000E+1 2.350E-1
8.297E+1 1.981E-1
8.500E+1 1.865E-1
8.680E+1 1.771E-1
9.080E+1 1.620E-1
9.517E+1 1.490E-1
1.000E+2 1.390E-1
1.200E+2 1.200E-1
1.500E+2 9.620E-2
1.670E+2 8.300E-2
